11111

3133131311 1133 pertinet ἄεισι 313 333 1113338111, &reno 113131,
31113 3111133 133311 13 31333σί11333 Α31ρί 1113331113. περίαχε,
111. 133. 1113333131 (v. 11113111 33 3131. 13313. 33, 113111 031·
311133 incriptione 33. 11333111. 0313. 131331. 3. 333), otto 333
311303. 331. 331133333113313 311, 31 1131131 1113113113 Boeotio· 3333 ¹
1133311. 0313. 1. 3. 111, l. 1311, 33333313311131 33 1133 13
3111311 3311133131 ommno. 13 33111131 33113311 333 31131 ¹
313, 11113 13131133331113331133 13311111, 133 vulgarem 1331111333 ἵ
311313 habet 1131133111. τρίπος (So. 311) 33 1331131113 313313 ·
’ onom, 313 13111111131111113. 3131. sozom 133.
11311111 3113 1331111131. 1111333 33 3131. 1331. 3. uo), 1331 'Ro
1131311113. 3131131131ιὶ1 1331131113 3131131, 3113333313 311113 3333
11331313311331131. 11311333 1331133 vol 1131133 31313313 31313313 ζ
3111 3111111131 333 33331313 genitivi 31313111 13 1331333111, 11111111 ἔ
0331. 114, 11133311. 33313, 3333131131113131311331111133 3331133113311
3311331111,3113331101.33.),1131333(111.134.),”1333133(111.1111), ’
3331313013511.) 313131 (111. m), δεινάς (0331. 1113), 1111110111
1113331. cm, 3333131133131313111 1331111133 3331133113ηῆ 33113-
3131, 3113361 scut. 331. ’.11113133 33 333 3111 33 111333. 151„
3313 1113 commemorato, 3333 3131131313331331313 1133 vocabolo '
11311331 331 3111313331 331 31113333, 31 Ε3133111 33331131 3111113331
(33 31111 11311311 3333113111 ab Atticorum Trogloio 31333113 ξ
v. Ρ311311. 331131. 01. 13.). 13 idom 133133 gom portinere
videtur 131111 311313 33113313 (Thoog. 385. 0331. 33. cf. Hem.
01311. 3. 811), quod 33 magis 1311313,333111’31111333.113133.
V, 92. longo 3111111 331313, 311313 Hesiodus 111131, 3133331131
3113311311(8331.133.),11 13313113111133111113 33333133 (Tm.)
1113131313 3133 331311313313133311331331313 vocabuli ἄορ 31 3133.
Proetum 1311311111 113 31311311 0333113331 1333131 1331131 111 113-
11333 (111. 191. 813. 8331. 113. 243. 153), 13 praepositioni· 333-

1333113 33133333331113111.131. Ρ11131131 13131331113313113111 ’

3311313111 inveniri 31331313 33331 1113333113. 03. 113. m
. Sed 113131 131 3331331 3111331333 1111131131 1111111313 31113111 311.
cf. Btym. 111. 3. 38, 13. 3131331331. 133331311331131(33 333
3111111331. 131113 v. 133. 3. 13.) 13111313 voro 1313ιί13131
111333. 113, ubi 311 1111133133 331333133331 311133331113113-
33313133331111113 3113133131. 1333 Ποσειδέων 313 Π331133131
111333. 131. 1113 33333331 31313313 generis, 3333 1313111 3133·
13133, collegit ’113331 11131· 0333111311. 11311331113111 13331111.

. 3313.

 

